1 11 0.9999999999999998
3 314 0.7882407813680822
5 268 0.7559289460184544
7 153 0.5773502691896257
9 8 0.9999999999999998
11 1 0.9999999999999998
13 123 0.8006407690254358
15 1 0.6324555320336759
17 14 0.7071067811865475
19 209 0.7171371656006361
21 1 0.6324555320336759
23 333 0.8164965809277261
25 314 0.5613413993878117
27 221 0.6708203932499369
29 18 0.46291004988627577
31 153 0.674199862463242
33 169 0.5720775535473553
35 46 0.7302967433402214
37 59 0.6092717958449424
39 9 0.9999999999999998
41 9 0.8164965809277259
43 309 0.629940788348712
45 126 0.857142857142857
47 126 0.7171371656006361
49 279 0.5656854249492379
51 11 0.4999999999999999
53 30 0.9999999999999998
55 299 0.7035264706814485
57 268 0.7559289460184544
59 301 0.7071067811865476
61 240 0.7559289460184544
63 67 0.5330017908890261
65 123 0.6943650748294137
67 176 0.5863019699779287
69 3 0.7058823529411765
71 34 0.45883146774112343
73 274 0.512989176042577
75 268 0.7559289460184544
77 314 0.6030226891555273
79 57 0.6681531047810609
81 272 0.5345224838248488
83 333 0.6123724356957946
85 134 0.7035264706814485
87 221 0.7071067811865475
89 9 0.8164965809277259
91 58 0.50709255283711
93 42 0.7142857142857142
95 153 0.7302967433402214
97 9 0.9999999999999998
99 11 0.8164965809277259
101 5 0.6681531047810609
103 176 0.5161854012087639
105 22 0.5855400437691198
107 74 0.6123724356957945
109 199 0.6201736729460423
111 116 0.6804138174397718
113 123 0.7715167498104596
115 209 0.7559289460184544
117 60 0.8164965809277261
119 58 0.5520524474738834
121 221 0.7071067811865475
123 13 0.8006407690254358
125 8 0.4999999999999999
127 145 0.674199862463242
129 301 0.7715167498104595
131 11 0.8164965809277259
133 341 0.7777777777777778
135 66 0.6324555320336759
137 153 0.6761234037828131
139 6 0.5345224838248488
141 113 0.6681531047810609
143 153 0.6324555320336759
145 6 0.7453559924999299
147 338 0.5661385170722979
149 253 0.7071067811865476
151 9 0.8164965809277259
153 268 0.8944271909999159
155 126 0.857142857142857
157 299 0.6024640760767093
159 153 0.674199862463242
161 153 0.5423261445466404
163 272 0.5555555555555556
165 50 0.5976143046671968
167 115 0.6735753140545634
169 272 0.7035264706814485
171 255 0.6154574548966638
173 19 0.4225771273642583
175 267 0.5303300858899106
177 296 0.6708203932499369
179 42 0.7715167498104595
181 9 0.9999999999999998
183 119 0.545544725589981
185 39 0.9999999999999998
187 268 0.75
189 9 0.9999999999999998
191 9 0.9999999999999998
193 93 0.47809144373375745
195 8 0.7071067811865475
197 335 0.5720775535473553
199 123 0.7205766921228922
201 126 0.5714285714285714
203 314 0.5330017908890261
205 296 0.5999999999999999
207 155 0.8366600265340756
209 44 0.8017837257372731
211 153 0.5423261445466404
213 301 0.5940885257860046
215 8 0.5773502691896258
217 11 0.4999999999999999
219 255 0.6154574548966638
221 123 0.8164965809277259
223 207 0.6454972243679029
225 46 0.7302967433402214
227 133 0.5345224838248488
229 128 0.7302967433402214
231 11 0.9999999999999998
233 302 0.6154574548966638
235 11 0.9999999999999998
237 152 0.600099198148979
239 126 0.7559289460184544
241 8 0.8164965809277259
243 11 0.8164965809277259
245 11 0.5773502691896258
247 314 0.5330017908890261
249 153 0.7453559924999299
251 11 0.9999999999999998
253 117 0.8660254037844387
255 74 0.7071067811865476
257 207 0.7016464154456235
259 262 0.9999999999999998
261 176 0.6149186938124421
263 143 0.588348405414552
265 318 0.6210590034081188
267 9 0.7071067811865475
269 183 0.5303300858899107
271 274 0.5619514869490164
273 36 0.6999999999999998
275 9 0.9999999999999998
277 8 0.8164965809277259
279 116 0.7453559924999299
281 93 0.6060915267313265
283 208 0.5423261445466404
285 132 0.6130060338328882
287 11 0.9999999999999998
289 108 0.6454972243679029
291 55 0.5393598899705937
293 74 0.7071067811865476
295 344 0.6666666666666666
297 288 0.5833333333333334
299 55 0.7035264706814485
301 16 0.8164965809277261
303 11 0.9999999999999998
305 9 0.9999999999999998
307 92 0.5384615384615385
309 233 0.6837634587578276
311 9 0.9999999999999998
313 153 0.6454972243679028
315 30 0.5773502691896258
317 57 0.6837634587578276
319 256 0.6030226891555273
321 9 0.9999999999999998
323 113 0.5050762722761054
325 9 0.9999999999999998
327 11 0.8164965809277259
329 26 0.9999999999999998
331 180 0.42426406871192845
333 12 0.75
335 58 0.5999999999999999
337 11 0.9999999999999998
339 105 0.43151697133684574
341 133 0.7777777777777778
343 9 0.6324555320336759
345 341 0.7071067811865475
347 55 0.7035264706814485
